0.413048	15.569946	0.294953	32.398468	0.187491	5.711404	0.080701	61.889874	0.023736	1.334118	0.000049
0.732354	11.553918	0.753896	4.595831	0.283819	1.546299	0.190003	26.463964	0.039139	0.377523	0.000487
0.974637	4.334946	0.158472	0.342451	0.811855	97.102966	0.262416	201.363831	0.790108	1.409234	0.002542
1.533712	42.662079	0.638283	0.59542	0.601052	99.106499	0.106139	0.15134	1.118414	1.843093	0.002511
2.085185	23.494068	1.06458	1.137894	1.062788	61.238976	0.140515	0.114886	0.641784	0.399036	0.003823
2.657506	14.780758	1.078079	0.776775	1.490909	42.086842	-4.24107	-0.000294	0.713791	0.239535	4.297983
11.89378	0.000158	3.277479	10.232723	1.858092	30.34469	0.858927	0.656065	0.912985	0.217287	-11.8049
2.960427	14.182259	2.508818	5.936858	0.637853	0.112726	0.722838	34.958481	1.142756	0.39024	0.027014
3.511943	10.687859	2.772244	4.380466	0.678385	0.093982	0.915159	27.255203	1.089261	0.313066	0.032557
4.183749	8.175457	2.905726	3.252536	0.520513	0.063295	1.135641	21.81391	1.228065	0.224952	0.025576
4.910127	3.281434	3.081783	9.119178	1.262067	0.102763	1.098938	132.013947	0.560991	0.405878	0.079712
4.708971	4.875207	1.194814	108.506081	1.558157	0.111516	1.170413	48.292408	3.239403	1.928171	0.126842
4.730796	3.628931	2.313951	43.051167	1.54198	0.09596	1.117564	108.932388	3.154754	1.555918	0.139509
5.275329	2.631338	3.191038	33.730728	1.511514	0.081119	1.356849	86.288643	2.519114	1.170087	0.145073
1.950541	0.908139	4.14693	27.044952	1.49456	0.07128	1.522042	67.520187	5.729711	1.981173	0.155233
6.372157	1.514347	5.154568	22.092527	1.473732	0.061373	1.635073	55.445175	1.209372	0.646925	0.154722
1.446071	0.052357	6.870609	1.193165	6.151801	18.343416	1.750347	46.398396	0.634168	0.401005	0.146773
7.188004	0.956221	6.638454	15.339877	0.45418	15.339862	1.929593	39.043823	1.523654	0.062409	0.265954
8.163991	12.816323	7.146945	0.808945	1.07014	210.327011	0.877316	39.597652	1.486434	0.052821	0.253614
8.593655	10.460644	1.477324	0.041891	1.436254	81.390381	1.182839	169.847839	7.113258	0.688098	0.196255
1.476566	53.131023	1.487278	0.035325	1.600187	137.319489	9.177463	9.098031	7.09975	0.602102	0.157765
9.818524	8.001879	1.522646	0.029763	1.703101	39.885422	1.768774	120.157997	7.082555	0.532405	0.102473
10.473575	7.08194	1.547881	0.02604	1.986381	31.909672	1.865616	108.022842	7.05625	0.474882	0.067744
11.007069	6.366281	1.555477	0.023987	2.985293	23.244839	1.347855	105.774498	7.034779	0.429369	0.06551
11.709542	5.59712	1.733414	0.0178	2.673141	21.78842	2.023368	89.517914	7.00318	0.383054	-0.147293
12.311098	5.009415	1.876623	0.014461	3.066177	18.74304	2.070451	82.767876	6.975185	0.346506	-0.304931
12.91451	4.507138	2.481908	0.009126	3.466894	16.438129	2.106351	76.98732	6.960892	0.314418	-0.936572
13.521865	4.077277	6.947285	0.286763	3.866028	14.622634	2.1359	71.96608	4.284731	0.004437	-2.762697
14.014192	3.73828	4.784577	0.003744	5.056806	13.034982	1.457971	72.554794	6.932996	0.265666	-3.254477
14.741002	3.388232	6.907748	0.243315	4.642337	11.903689	2.191766	63.31213	38.424042	0.000397	-36.915829
15.758946	3.121754	6.841123	0.226057	4.121016	12.482196	2.714681	66.203621	2.395246	0.007238	-0.847395
16.540613	2.866618	1.5679	0.012198	3.727829	13.432163	3.345098	58.866047	6.785079	0.210974	0.018726
17.025642	2.597739	4.503441	0.003012	3.715904	14.272119	3.9372	50.437996	6.790175	0.193015	-2.984117
17.354071	2.349787	4.653248	0.00255	4.259489	15.57946	4.136455	45.181202	6.749163	0.177432	-3.160982
17.55057	2.119226	5.411882	16.557184	3.93718	0.002481	3.880645	42.164009	6.707793	0.162121	-2.492088
17.655279	1.908231	6.848105	16.606236	4.171004	0.001598	3.44676	39.917473	6.6852	0.146896	-2.810592
8.123134	15.142385	2.138042	33.542667	6.761702	0.129372	1.156051	224.132507	17.679546	1.713368	1.139548
17.730219	1.56306	9.795867	14.310868	6.099763	0.120574	2.620025	135.771317	0.600053	0.120574	1.140251
17.79204	1.429691	10.253252	13.132816	5.714949	0.112173	3.170516	108.197029	0.918251	0.112173	1.131787
17.859772	1.310692	10.911038	12.319285	5.821115	0.104353	3.512513	91.777542	0.746965	0.104353	1.124859
17.958399	1.21159	12.063054	12.246687	5.007015	0.098615	3.287667	75.011948	1.531019	0.098615	1.123452
6.236218	0.09078	17.987711	1.10831	12.973127	11.46872	3.451426	66.684151	0.210899	0.09078	1.10877
17.840963	1.005729	3.428236	41.901382	1.373012	119.320541	12.947364	9.781542	6.335469	0.083391	1.074784
6.271624	0.07704	17.906738	0.928222	14.123269	9.555345	3.746008	35.86068	0.908235	123.552246	1.043992
6.216648	0.070789	17.919739	0.856121	3.854252	33.889484	0.840326	121.686691	15.173498	9.029517	0.995452
6.121511	0.062549	4.784063	0.784031	16.631683	8.751391	4.318258	34.489983	13.246773	0.784031	0.883099
6.073874	0.055333	17.155437	7.896512	4.173344	28.443739	0.852238	110.376106	17.988686	0.716809	0.756603
6.080986	0.04899	18.019468	7.273646	4.018197	29.119284	1.30351	95.831207	17.974669	0.661231	0.603504
6.196477	0.042072	18.816183	6.695665	4.050479	31.00979	1.638929	103.284348	17.962912	0.610714	0.333097
19.325171	6.118104	6.281571	0.036915	4.498866	32.529045	1.856934	95.037186	17.917318	0.565651	0.119024
5.394956	33.326523	6.54957	0.030974	19.650681	5.564929	1.82782	87.130966	17.867832	0.523992	-0.290506
6.660302	33.031654	6.940756	0.02575	19.847015	5.065547	1.557175	84.101616	17.802427	0.48766	-0.806668
19.884502	4.628591	6.736593	0.027754	8.110516	31.849096	1.170953	84.406387	17.548716	0.46355	-0.448811
19.97892	4.143356	11.774945	0.010142	9.332182	28.7962	1.244749	75.280685	17.737501	0.413616	-6.065902
17.418674	0.399828	8.314444	0.016872	10.323193	25.605827	1.383834	233.339676	19.876251	3.826915	-2.322802
19.747343	3.481823	17.368477	0.371224	10.465718	21.226641	2.592602	173.834274	11.003653	0.010719	-5.183497
19.966019	3.197408	27.329655	0.003446	11.018425	19.955492	3.086696	141.381973	17.335455	0.341817	-21.745489
17.355122	0.328369	43.988499	0.002047	20.54665	3.088196	3.13067	134.907654	11.353665	18.83296	-38.386017
21.551311	2.995675	17.16173	0.312491	11.903859	17.716705	2.679103	152.192825	9.564197	0.010468	-3.871068
17.331244	0.300269	62.783924	0.00132	12.160097	17.026001	2.663483	148.748993	22.23995	2.910268	-57.189842
17.286388	0.28662	51.560162	0.00155	12.478557	16.223755	2.675515	143.984512	22.960947	2.79648	-45.973682
23.700363	2.689539	23.072214	0.003491	12.777782	15.495437	2.684217	139.862473	17.204367	0.274536	-17.452166
17.186195	0.261678	37.156837	0.001995	13.103387	14.78736	2.707246	134.816299	24.419271	2.581883	-31.586687
24.898117	2.435028	17.104952	0.246961	13.222581	13.996325	3.266152	110.863091	48.995213	0.001383	-43.505684
25.910013	2.373912	32.344139	0.002034	13.765117	13.481969	2.751404	125.83651	17.064405	0.236916	-26.851971
26.671785	2.282593	88.687576	0.000665	14.065445	12.92023	2.768497	121.937187	17.067781	0.225531	-83.279831
27.15019	2.16966	16.999819	0.215414	14.059334	12.213148	3.386979	100.506783	46.546471	0.001211	-41.165253
28.174887	2.120995	82.493271	0.00064	14.624002	11.915256	2.802756	114.529938	17.018515	0.207519	-77.135223
28.925894	2.046203	76.173798	0.000656	14.904704	11.465375	2.814812	111.41198	16.998117	0.199376	-70.839813
29.67676	1.97763	65.624069	0.00072	15.160854	11.044622	2.830288	108.139153	16.99785	0.19211	-60.313812
30.122866	1.88309	15.099346	10.342764	56.314899	0.00078	3.54098	89.55925	16.943729	0.183849	-51.049416
30.617033	1.795613	15.145351	9.934469	54.933548	0.000739	4.096253	76.189705	16.896156	0.175914	-49.719837
31.066359	1.708732	15.341823	9.618455	49.278297	0.00076	4.577665	66.346199	16.828321	0.168002	-44.119026
31.5079	1.629485	15.682498	9.446448	37.960129	0.000898	4.885509	59.980675	16.792112	0.160798	-32.864574
31.888456	1.549238	16.117104	9.233474	42.390297	0.000689	5.211669	54.516373	16.767591	0.152815	-37.412682
32.210297	1.473531	16.67844	9.049695	48.559906	0.000519	5.455839	50.210201	16.735533	0.145771	-43.677956
32.004436	1.353767	1.975454	81.014175	17.070105	0.128093	15.939454	7.661196	5.990003	26.659403	4.018893
31.273891	1.316992	18.44544	8.797154	17.063745	0.124741	5.555933	40.177994	1.57527	1.316997	4.050394
16.77739	0.122737	19.317156	8.62157	32.979683	1.256902	5.595453	38.00882	10.576854	0.000601	-6.279078
16.83989	0.115905	20.023823	8.256927	28.428564	1.19525	5.881564	39.247227	4.714706	1.19525	4.076478
16.630795	0.110704	19.386616	7.181401	32.808571	1.11973	1.747191	90.660263	6.356862	26.014978	4.066939
16.419567	0.105499	32.73859	1.055049	6.530247	25.02589	2.342742	80.906593	19.916475	6.664449	4.049824
16.282274	0.10118	32.725136	1.002287	6.678302	25.714146	2.69475	77.057549	20.576559	6.291882	4.040914
16.289164	0.098121	32.807171	0.966265	21.095163	6.046622	2.505901	76.598068	7.254589	28.096128	4.046556
16.011461	0.092639	32.615547	0.904416	8.113899	26.543257	2.884082	68.372963	21.377867	5.499512	3.995684
16.070229	0.090437	32.641106	0.876409	21.489658	5.239687	2.299218	69.188477	9.480184	27.632641	4.020977
16.007385	0.087031	32.66383	0.840187	21.594351	4.954467	1.598497	199.805801	11.121192	26.905106	4.003472
32.56369	0.80198	21.396671	4.590666	11.298093	22.758972	2.834688	160.404388	15.914965	0.083544	3.981773
15.914053	0.080511	32.535042	0.770669	21.553976	4.352206	11.433394	21.381622	3.612409	130.500748	3.939212
15.784024	0.077067	32.454899	0.735137	21.849222	4.097976	4.239077	109.464111	11.736191	20.512138	3.922533
32.740208	0.709545	21.973675	4.050881	12.957398	19.231543	3.683832	117.255005	15.744058	0.07404	3.886066
15.679275	0.071206	32.824306	0.681177	13.660459	18.236156	3.687261	112.500038	22.279434	3.930325	3.854444
32.999901	0.657086	22.638077	3.854918	14.219973	17.435474	3.67295	109.464485	15.683245	0.068033	3.769391
33.281178	0.634999	23.148544	3.856168	15.153755	16.849735	3.031492	121.292038	15.704215	0.064857	3.6642
33.435162	0.612785	23.657259	3.792942	15.576339	16.195778	3.027023	117.757004	15.7461	0.061755	3.54116
15.804837	0.058619	33.480801	0.59016	24.150198	3.67472	3.655563	100.736191	15.499866	15.408296	3.39084
15.889072	0.055503	33.625286	0.569571	24.710381	3.615472	3.707139	97.694786	15.839268	14.754303	3.213169
33.794075	0.550447	25.467693	3.581973	16.048487	14.357388	3.657525	96.064972	16.008982	0.05245	3.005326
0.70226	23.945604	0.763666	74.897919	0.248678	6.773289	0.261323	233.58345	0.023017	1.337	0.000425
0.432724	0.260367	0.549257	1.042836	0.376575	7.885294	-0.336481	0.260368	0.97606	3.042	0.001764
3.05543	0.001226	-2.372617	0.001227	1.044914	1.542106	0.544233	0.456279	0.381737	4.047	-0.653773
1.258489	10.683769	0.728215	0.208177	1.119856	0.836097	2.168133	24.603704	0.705239	58.954	0.019722
3.106934	19.86808	3.235142	6.960252	1.148886	0.170043	0.783981	65.693512	0.676953	0.63	0.046136
3.990247	16.639956	2.300563	5.636819	0.6072	0.108493	1.907882	47.299709	1.16708	0.379	0.025429
0.457649	0.917243	3.841561	5.507803	1.432771	0.164955	0.801876	51.076206	3.395041	15.821	0.069525
3.14869	2.594987	4.073989	6.046925	0.767888	0.070139	0.995612	14.122657	0.968249	0.217	0.0453
3.062918	2.015803	4.135106	4.417941	0.853742	0.065307	1.036792	9.66971	0.85252	0.187	0.058851
4.132015	3.528641	0.912049	7.378344	1.102425	0.133708	0.614876	0.039065	3.219136	1.644	0.019397
2.879033	1.239713	3.07296	38.706276	1.515981	0.081481	1.39003	93.616333	4.995051	2.77	0.14603
3.676722	1.446851	3.828496	3.013144	1.258033	0.064397	0.419024	0.206254	0.720421	5.97	0.097266
1.061802	0.144727	7.139886	1.171795	6.524271	19.467655	2.355626	60.320301	35.829403	0	-34.916603
-17.609339	18.840979	1.494873	0.053453	7.150305	0.81294	10.899569	22.264105	15.808228	14.351	0.257164
8.501441	10.525848	12.880483	-0.004033	9.765095	0.010692	7.156669	0.684443	0.71116	27.231	-21.013187
7.104348	0.601957	1.511488	0.033386	-53.669773	12.572138	38.404816	10.859736	24.53224	14.125	0.118642
7.040119	0.537072	1.496285	0.031914	9.657304	8.009958	0.006534	201.800293	1.649561	24.039	0.150362
36.587933	0.000681	7.230255	0.522262	-9.086077	5.262317	2.084594	15.881716	17.294008	6.149	-35.111282
45.355537	9.252186	7.0929	0.523046	7.483858	13.082852	-43.498817	10.193876	1.678915	0.023	-0.110628
7.754356	7.066315	2.0641	0.014993	2.576998	7.066308	2.011404	22.055786	7.126177	0.467	-0.533379
9.95848	6.763041	1.59635	0.056895	1.483442	17.750029	-10.846044	0.328826	17.332867	0.388	0.474921
15.575018	0.682708	8.448095	5.56664	1.61204	10.527077	-9.721855	0.907961	1.534029	0.066	0.552676
10.598877	6.151846	1.565858	0.023519	2.72828	17.432816	0.098064	54.002388	6.959321	0.426	0.04987
7.98931	6.068867	1.765079	0.018342	2.627125	6.068887	1.82938	16.309284	6.980908	0.42	-0.192123
11.287712	5.506225	26.042414	0.000774	3.058096	16.158575	0.090258	54.766354	7.088306	0.375	-24.566132
6.926972	0.378315	2.081342	0.015054	11.128379	5.379957	2.375107	14.429586	-0.419287	0.004	-0.093713
12.409131	0.3004	7.466993	0.112814	1.809947	12.520756	-12.138477	0.168653	10.780248	5.173	0.672146
11.776765	4.912232	11.165097	0.001748	3.533495	14.166556	0.165345	42.381958	7.036932	0.341	-9.676919
9.721638	4.869297	63.403847	0.000293	2.141347	4.867602	2.629274	13.539076	7.033846	0.338	-61.930725
6.99384	0.310779	26.285812	0.000684	12.254289	4.400528	0.246114	35.741447	4.017407	12.536	-24.796852
6.861739	0.309794	2.67857	0.008142	12.281889	4.331703	3.501741	11.914167	-0.179384	11.914	-1.147345
12.519017	3.933053	37.832058	0.000442	4.387257	10.449184	0.661552	23.860998	6.949072	0.283	-36.344471
13.579366	0.31314	1.902844	0.012621	12.859268	3.906407	3.811005	10.894311	-6.838595	0.344	-0.317618
12.960763	3.57601	16.34215	0.000975	1.110102	29.523218	5.520682	10.114283	6.915452	0.261	-14.84932
11.895569	3.378519	16.344978	0.000924	5.799817	8.133653	1.048804	20.526524	6.789088	0.254	-14.878383
13.340772	3.215913	10.428857	0.001413	5.544489	8.54268	0.762295	21.891756	6.869172	0.239	-8.945248
13.123875	2.80996	35.288189	0.000323	6.126979	6.831534	0.611551	16.784311	6.724807	0.212	-33.875122
6.876636	2.025174	6.779091	0.17665	9.969591	3.573822	3.135857	7.685848	0.152389	16.677	1.08654
17.71431	2.122554	6.466926	19.050768	6.947385	0.152708	4.402674	58.690361	-0.697279	58.69	1.152674
17.68432	1.710209	7.761588	14.919863	6.680874	0.128542	2.668883	31.654478	0.070974	0.128	1.133263
17.694973	1.550888	1.275762	30.133041	6.154252	0.118774	9.234786	13.821799	0.515995	0.118	1.125309
46.660366	-0.019971	10.369686	13.180257	4.623042	0.176398	-62.170834	-0.016727	17.471146	1.467	19.023842
6.802956	0.096228	17.699253	1.296127	10.650647	11.240715	-0.248108	-0.219259	0.250338	-0.219	0.827902
17.714323	1.172419	1.675213	30.102791	7.483963	0.080255	8.322464	-0.002983	11.143573	10.456	-8.339573
17.580206	1.165852	7.633277	0.078558	10.793497	9.507652	0.180884	31.621656	67.837921	0	-68.02478
7.44705	0.072	17.778122	1.073145	11.886068	9.83472	1.997905	28.221746	1.789626	-0.011	-1.898764
7.929879	0.068856	17.667669	1.068064	11.515987	9.046229	0.500402	26.558945	77.444084	0	-78.056595
34.757683	1.30177	9.653037	7.123843	6.584769	0.094097	-18.628115	1.617443	2.490594	12.335	1.141916
17.894758	0.902827	13.579529	8.740579	10.729251	0.045125	2.474095	24.764954	48.227997	-0.001	-51.905243
17.845776	0.90107	13.455084	8.482392	10.229087	0.045972	1.653524	23.015272	14.059795	-0.004	-17.241762
17.758621	0.841779	14.569813	8.319533	5.29832	0.06905	2.533579	23.709131	0.879753	0.069	0.960843
17.716188	0.840572	14.446654	8.100647	5.185801	0.068995	1.703448	22.357307	0.989992	0.068	0.959941
6.122282	0.062424	15.651012	8.018296	3.513508	24.784275	9.06079	0.776457	8.771199	0.776	0.879336
-6.152421	-0.063951	-96.069023	-11.090354	-31.622141	-13.466152	-81.578255	-9.758302	-17.801403	0.783	-0.915874
6.091192	0.056305	4.019526	0.71934	16.948174	7.758938	4.258638	27.368349	13.889437	0.719	0.785127
6.401808	0.068167	48.699802	0.94227	4.799859	20.639496	-32.332523	1.100365	16.35671	6.883	1.068247
6.093711	0.050624	43.909691	8.654143	17.041306	15.621396	-39.675117	11.082067	17.958918	0.667	0.664795
6.206277	0.041357	18.497746	6.605563	3.078131	18.79225	10.524613	0.608082	7.401234	0.608	0.293677
6.353672	0.03472	4.770377	6.167891	14.672025	6.167879	4.235959	29.006456	18.002131	0.561	-0.042519
15.445732	6.280898	6.420892	0.033144	4.56298	6.280899	1.713385	17.983601	18.033537	0.557	-0.172219
10.189171	0.089485	57.461918	0.375256	19.356573	5.357987	4.862206	22.153736	-45.394096	0.297	1.516108
17.920622	0.522315	6.647932	0.029487	12.724075	5.71821	1.555545	16.433775	7.600591	5.718	-0.445371
20.01033	4.565931	17.835524	0.444266	8.10413	32.430672	2.231118	95.14904	9.158548	0.014	-3.341004
19.939056	3.770511	24.967621	0.00404	10.375884	25.311275	0.454243	76.537766	17.660248	0.384	-19.394306
19.7502	3.430748	17.513683	0.36159	10.884892	21.358307	0.321585	70.309402	65.149834	0.001	-59.618172
19.688887	3.146211	17.345703	0.339586	11.356296	18.753832	0.099418	90.345459	82.358124	0.001	-76.846909
26.593231	3.280381	85.866432	0.001012	-6.677695	4.313575	12.111847	17.868504	17.401903	0.326	-80.313423
17.457533	0.311812	25.659941	-0.003793	11.691037	16.568687	19.695251	2.886395	-16.994749	-0.008	-3.515096
20.879841	2.870897	36.035797	0.002364	12.135341	16.615236	0.283103	53.909359	17.167803	0.306	-30.500784
17.496082	0.294457	21.538509	-0.002742	20.403114	2.772886	12.062211	15.804613	-7.492043	-0.013	-9.016722
17.120077	0.291295	56.038139	0.001421	21.468307	2.743681	10.000671	14.581367	2.905866	22.485	-50.541992
22.221066	2.635767	17.068142	0.277039	12.805423	14.927315	0.435687	45.768017	52.23877	0.001	-46.767181
15.618565	0.006001	19.538092	0.306379	13.398946	14.979594	-4.358811	0.748825	24.490461	2.454	-9.714854
23.899035	2.467332	31.657497	0.00223	12.955752	13.625002	1.700576	35.089481	16.992199	0.253	-26.204315
17.758327	0.244474	33.498665	-0.003901	24.067188	2.487526	13.436883	14.568011	-9.019134	-0.015	-19.768026
24.344999	2.333971	16.945311	0.239215	13.866931	12.982995	0.481674	43.876347	93.506378	0	-88.147179
24.878252	2.223301	16.856016	0.22729	13.663937	11.812528	1.279671	29.910065	39.271294	0.001	-33.950317
16.864344	0.216275	90.383461	0.000593	13.675473	11.121207	1.687078	26.250975	25.540651	2.135	-85.15065
16.837524	0.206873	63.221336	0.000796	13.703766	10.500283	2.061602	24.031883	26.202621	2.055	-58.026505
16.810127	0.198293	22.681061	0.002126	13.864114	9.973341	2.294506	22.836388	26.864477	1.979	-17.51346
16.7875	0.190852	15.350905	0.003036	14.182357	9.602934	2.299111	22.52688	27.573771	1.912	-10.192087
28.443794	1.863896	16.849527	0.183811	14.165081	9.225469	3.445311	23.691355	28.308853	0.001	-23.214935
28.191629	1.842889	16.828087	0.182788	14.167848	9.045957	2.744962	20.799847	23.171774	0.001	-18.103676
28.828693	1.776641	16.823227	0.17556	14.247617	8.575531	3.079559	19.693701	25.647667	0.001	-20.626528
29.267378	1.697911	16.792543	0.168313	14.78531	8.190025	2.184128	18.277578	23.791996	0.001	-18.820383
29.539469	1.612934	16.741854	0.16046	15.18207	7.654408	1.642916	17.070732	16.437447	0.001	-11.542459
29.729357	1.501648	17.247808	0.140803	15.184488	6.880573	1.154652	14.299601	0.739335	14.299	3.945157
17.113485	0.13185	15.79237	7.288542	23.342392	1.389307	4.090271	19.629425	7.671292	1.389	3.98839
31.537575	1.334144	16.363338	7.451918	15.597141	0.127514	5.051404	21.705648	1.436935	0.127	4.009459
30.391249	1.328519	16.146996	7.181766	17.019068	0.127337	4.458904	19.060146	0.975372	1.328	4.006865
31.986849	1.281143	17.249048	7.625512	15.269374	0.123571	5.760234	24.190826	1.694079	0.123	4.032512
41.932713	1.111409	16.339224	6.466086	17.653894	0.128917	6.01242	16.954155	-12.036877	0.778	4.094551
32.124306	1.216073	16.716476	7.165378	16.8141	0.118715	7.311565	20.442486	0.993064	53.095	4.040792
31.704271	1.215561	17.545767	7.220506	16.819551	0.118812	5.52264	20.05097	0.361725	1.215	4.042679
28.866837	1.173967	19.27754	7.583842	16.776051	0.115351	6.281459	29.055994	3.710289	1.173	4.06843
32.411079	1.16298	18.690371	7.329806	16.711773	0.114518	9.974835	22.009489	-3.847611	22.009	4.052869
32.295044	1.101544	16.570049	0.11002	17.991013	6.528559	1.535355	52.495068	7.554591	20.338	4.05403
32.525639	1.094966	19.139185	6.900992	17.100321	0.103667	5.891115	18.489614	12.599463	-0.001	-9.256075
27.392647	1.058874	16.496822	0.106305	19.984501	6.708123	6.813923	24.395554	5.23391	1.058	4.065623
32.505657	1.047035	20.01424	6.670321	14.645661	0.105279	5.029499	16.52504	1.760138	0.105	4.044678
32.461437	0.99793	19.438683	6.038867	16.302486	0.101338	7.322662	18.371586	0.431704	46.361	4.043703
16.734028	0.105076	20.580494	4.773282	9.452623	11.762162	61.155834	1.211775	-34.041023	1.619	4.113663
4.986228	0.082597	32.474945	0.791468	21.947443	4.608034	11.800013	24.792431	10.807292	0.082	3.956572
15.584983	0.077438	32.022125	0.739963	21.456327	4.040735	0.757593	47.525002	12.341252	19.406	3.838984
15.515445	0.074499	32.090691	0.711663	13.996399	3.871044	12.918157	18.596891	7.635514	3.871	3.831122
15.360309	0.067815	32.395657	0.654643	21.96129	3.643409	1.325894	39.604965	14.251453	16.33	3.706622
15.355091	0.067789	32.235306	0.652613	0.557745	42.354237	14.396367	15.908239	21.751173	3.553	3.705863
15.333844	0.067644	31.770849	0.646384	21.274414	3.317894	13.872636	14.65025	0.048519	75.339	3.700591
15.378152	0.064613	32.572132	0.63142	22.206125	3.561936	1.413295	37.875511	14.828381	15.546	3.60337
15.373926	0.064597	32.423019	0.629658	21.969994	3.476389	0.662078	39.438942	14.96935	15.135	3.603039
15.359986	0.064528	31.992825	0.624505	21.412458	3.253441	0.066574	67.658318	14.568174	13.98	3.600942
15.356004	0.06059	32.769127	0.604663	22.68021	3.491509	1.351055	37.260635	15.416232	14.981	3.428895
15.416219	0.061456	32.610569	0.607938	22.256662	3.411848	0.719495	37.628792	15.518152	14.464	3.480408
15.436506	0.061815	32.289719	0.606541	14.726737	3.245363	15.012391	13.616438	7.024677	3.245	3.502325
